"Run_Number","Score","Cost","Planning_Units","Connectivity","Connectivity_Total","Connectivity_In","Connectivity_Edge","Connectivity_Out","Connectivity_In_Fraction","Penalty","Shortfall","Missing_Values","MPM"
1,61.000000,61.000000,61,0.000000,0.000000,0.000000,0.000000,0.000000,0.000000,0.000000,0.000000,0,1.000000
2,60.000000,60.000000,60,0.000000,0.000000,0.000000,0.000000,0.000000,0.000000,0.000000,0.000000,0,1.000000
3,61.000000,61.000000,61,0.000000,0.000000,0.000000,0.000000,0.000000,0.000000,0.000000,0.000000,0,1.000000
4,62.000000,62.000000,62,0.000000,0.000000,0.000000,0.000000,0.000000,0.000000,0.000000,0.000000,0,1.000000
5,62.000000,62.000000,62,0.000000,0.000000,0.000000,0.000000,0.000000,0.000000,0.000000,0.000000,0,1.000000
6,62.000000,62.000000,62,0.000000,0.000000,0.000000,0.000000,0.000000,0.000000,0.000000,0.000000,0,1.000000
7,61.000000,61.000000,61,0.000000,0.000000,0.000000,0.000000,0.000000,0.000000,0.000000,0.000000,0,1.000000
8,60.000000,60.000000,60,0.000000,0.000000,0.000000,0.000000,0.000000,0.000000,0.000000,0.000000,0,1.000000
9,60.000000,60.000000,60,0.000000,0.000000,0.000000,0.000000,0.000000,0.000000,0.000000,0.000000,0,1.000000
10,60.000000,60.000000,60,0.000000,0.000000,0.000000,0.000000,0.000000,0.000000,0.000000,0.000000,0,1.000000
11,61.000000,61.000000,61,0.000000,0.000000,0.000000,0.000000,0.000000,0.000000,0.000000,0.000000,0,1.000000
12,61.000000,61.000000,61,0.000000,0.000000,0.000000,0.000000,0.000000,0.000000,0.000000,0.000000,0,1.000000
13,62.000000,62.000000,62,0.000000,0.000000,0.000000,0.000000,0.000000,0.000000,0.000000,0.000000,0,1.000000
14,62.000000,62.000000,62,0.000000,0.000000,0.000000,0.000000,0.000000,0.000000,0.000000,0.000000,0,1.000000
15,64.000000,64.000000,64,0.000000,0.000000,0.000000,0.000000,0.000000,0.000000,0.000000,0.000000,0,1.000000
16,60.000000,60.000000,60,0.000000,0.000000,0.000000,0.000000,0.000000,0.000000,0.000000,0.000000,0,1.000000
17,60.000000,60.000000,60,0.000000,0.000000,0.000000,0.000000,0.000000,0.000000,0.000000,0.000000,0,1.000000
18,63.000000,63.000000,63,0.000000,0.000000,0.000000,0.000000,0.000000,0.000000,0.000000,0.000000,0,1.000000
19,60.000000,60.000000,60,0.000000,0.000000,0.000000,0.000000,0.000000,0.000000,0.000000,0.000000,0,1.000000
20,62.000000,62.000000,62,0.000000,0.000000,0.000000,0.000000,0.000000,0.000000,0.000000,0.000000,0,1.000000
21,60.000000,60.000000,60,0.000000,0.000000,0.000000,0.000000,0.000000,0.000000,0.000000,0.000000,0,1.000000
22,60.000000,60.000000,60,0.000000,0.000000,0.000000,0.000000,0.000000,0.000000,0.000000,0.000000,0,1.000000
23,60.000000,60.000000,60,0.000000,0.000000,0.000000,0.000000,0.000000,0.000000,0.000000,0.000000,0,1.000000
24,61.000000,61.000000,61,0.000000,0.000000,0.000000,0.000000,0.000000,0.000000,0.000000,0.000000,0,1.000000
25,61.000000,61.000000,61,0.000000,0.000000,0.000000,0.000000,0.000000,0.000000,0.000000,0.000000,0,1.000000
26,62.000000,62.000000,62,0.000000,0.000000,0.000000,0.000000,0.000000,0.000000,0.000000,0.000000,0,1.000000
27,62.000000,62.000000,62,0.000000,0.000000,0.000000,0.000000,0.000000,0.000000,0.000000,0.000000,0,1.000000
28,60.000000,60.000000,60,0.000000,0.000000,0.000000,0.000000,0.000000,0.000000,0.000000,0.000000,0,1.000000
29,63.000000,63.000000,63,0.000000,0.000000,0.000000,0.000000,0.000000,0.000000,0.000000,0.000000,0,1.000000
30,60.000000,60.000000,60,0.000000,0.000000,0.000000,0.000000,0.000000,0.000000,0.000000,0.000000,0,1.000000
31,59.000000,59.000000,59,0.000000,0.000000,0.000000,0.000000,0.000000,0.000000,0.000000,0.000000,0,1.000000
32,59.000000,59.000000,59,0.000000,0.000000,0.000000,0.000000,0.000000,0.000000,0.000000,0.000000,0,1.000000
33,60.000000,60.000000,60,0.000000,0.000000,0.000000,0.000000,0.000000,0.000000,0.000000,0.000000,0,1.000000
34,60.000000,60.000000,60,0.000000,0.000000,0.000000,0.000000,0.000000,0.000000,0.000000,0.000000,0,1.000000
35,62.000000,62.000000,62,0.000000,0.000000,0.000000,0.000000,0.000000,0.000000,0.000000,0.000000,0,1.000000
36,61.000000,61.000000,61,0.000000,0.000000,0.000000,0.000000,0.000000,0.000000,0.000000,0.000000,0,1.000000
37,63.000000,63.000000,63,0.000000,0.000000,0.000000,0.000000,0.000000,0.000000,0.000000,0.000000,0,1.000000
38,62.000000,62.000000,62,0.000000,0.000000,0.000000,0.000000,0.000000,0.000000,0.000000,0.000000,0,1.000000
39,59.000000,59.000000,59,0.000000,0.000000,0.000000,0.000000,0.000000,0.000000,0.000000,0.000000,0,1.000000
40,60.000000,60.000000,60,0.000000,0.000000,0.000000,0.000000,0.000000,0.000000,0.000000,0.000000,0,1.000000
41,60.000000,60.000000,60,0.000000,0.000000,0.000000,0.000000,0.000000,0.000000,0.000000,0.000000,0,1.000000
42,59.000000,59.000000,59,0.000000,0.000000,0.000000,0.000000,0.000000,0.000000,0.000000,0.000000,0,1.000000
43,61.000000,61.000000,61,0.000000,0.000000,0.000000,0.000000,0.000000,0.000000,0.000000,0.000000,0,1.000000
44,62.000000,62.000000,62,0.000000,0.000000,0.000000,0.000000,0.000000,0.000000,0.000000,0.000000,0,1.000000
45,60.000000,60.000000,60,0.000000,0.000000,0.000000,0.000000,0.000000,0.000000,0.000000,0.000000,0,1.000000
46,61.000000,61.000000,61,0.000000,0.000000,0.000000,0.000000,0.000000,0.000000,0.000000,0.000000,0,1.000000
47,63.000000,63.000000,63,0.000000,0.000000,0.000000,0.000000,0.000000,0.000000,0.000000,0.000000,0,1.000000
48,61.000000,61.000000,61,0.000000,0.000000,0.000000,0.000000,0.000000,0.000000,0.000000,0.000000,0,1.000000
49,60.000000,60.000000,60,0.000000,0.000000,0.000000,0.000000,0.000000,0.000000,0.000000,0.000000,0,1.000000
50,61.000000,61.000000,61,0.000000,0.000000,0.000000,0.000000,0.000000,0.000000,0.000000,0.000000,0,1.000000
51,62.000000,62.000000,62,0.000000,0.000000,0.000000,0.000000,0.000000,0.000000,0.000000,0.000000,0,1.000000
52,60.000000,60.000000,60,0.000000,0.000000,0.000000,0.000000,0.000000,0.000000,0.000000,0.000000,0,1.000000
53,61.000000,61.000000,61,0.000000,0.000000,0.000000,0.000000,0.000000,0.000000,0.000000,0.000000,0,1.000000
54,59.000000,59.000000,59,0.000000,0.000000,0.000000,0.000000,0.000000,0.000000,0.000000,0.000000,0,1.000000
55,60.000000,60.000000,60,0.000000,0.000000,0.000000,0.000000,0.000000,0.000000,0.000000,0.000000,0,1.000000
56,62.000000,62.000000,62,0.000000,0.000000,0.000000,0.000000,0.000000,0.000000,0.000000,0.000000,0,1.000000
57,62.000000,62.000000,62,0.000000,0.000000,0.000000,0.000000,0.000000,0.000000,0.000000,0.000000,0,1.000000
58,62.000000,62.000000,62,0.000000,0.000000,0.000000,0.000000,0.000000,0.000000,0.000000,0.000000,0,1.000000
59,60.000000,60.000000,60,0.000000,0.000000,0.000000,0.000000,0.000000,0.000000,0.000000,0.000000,0,1.000000
60,63.000000,63.000000,63,0.000000,0.000000,0.000000,0.000000,0.000000,0.000000,0.000000,0.000000,0,1.000000
61,60.000000,60.000000,60,0.000000,0.000000,0.000000,0.000000,0.000000,0.000000,0.000000,0.000000,0,1.000000
62,60.000000,60.000000,60,0.000000,0.000000,0.000000,0.000000,0.000000,0.000000,0.000000,0.000000,0,1.000000
63,62.000000,62.000000,62,0.000000,0.000000,0.000000,0.000000,0.000000,0.000000,0.000000,0.000000,0,1.000000
64,61.000000,61.000000,61,0.000000,0.000000,0.000000,0.000000,0.000000,0.000000,0.000000,0.000000,0,1.000000
65,61.000000,61.000000,61,0.000000,0.000000,0.000000,0.000000,0.000000,0.000000,0.000000,0.000000,0,1.000000
66,61.000000,61.000000,61,0.000000,0.000000,0.000000,0.000000,0.000000,0.000000,0.000000,0.000000,0,1.000000
67,60.000000,60.000000,60,0.000000,0.000000,0.000000,0.000000,0.000000,0.000000,0.000000,0.000000,0,1.000000
68,62.000000,62.000000,62,0.000000,0.000000,0.000000,0.000000,0.000000,0.000000,0.000000,0.000000,0,1.000000
69,62.000000,62.000000,62,0.000000,0.000000,0.000000,0.000000,0.000000,0.000000,0.000000,0.000000,0,1.000000
70,61.000000,61.000000,61,0.000000,0.000000,0.000000,0.000000,0.000000,0.000000,0.000000,0.000000,0,1.000000
71,60.000000,60.000000,60,0.000000,0.000000,0.000000,0.000000,0.000000,0.000000,0.000000,0.000000,0,1.000000
72,62.000000,62.000000,62,0.000000,0.000000,0.000000,0.000000,0.000000,0.000000,0.000000,0.000000,0,1.000000
73,61.000000,61.000000,61,0.000000,0.000000,0.000000,0.000000,0.000000,0.000000,0.000000,0.000000,0,1.000000
74,60.000000,60.000000,60,0.000000,0.000000,0.000000,0.000000,0.000000,0.000000,0.000000,0.000000,0,1.000000
75,60.000000,60.000000,60,0.000000,0.000000,0.000000,0.000000,0.000000,0.000000,0.000000,0.000000,0,1.000000
76,61.000000,61.000000,61,0.000000,0.000000,0.000000,0.000000,0.000000,0.000000,0.000000,0.000000,0,1.000000
77,61.000000,61.000000,61,0.000000,0.000000,0.000000,0.000000,0.000000,0.000000,0.000000,0.000000,0,1.000000
78,59.000000,59.000000,59,0.000000,0.000000,0.000000,0.000000,0.000000,0.000000,0.000000,0.000000,0,1.000000
79,62.000000,62.000000,62,0.000000,0.000000,0.000000,0.000000,0.000000,0.000000,0.000000,0.000000,0,1.000000
80,61.000000,61.000000,61,0.000000,0.000000,0.000000,0.000000,0.000000,0.000000,0.000000,0.000000,0,1.000000
81,59.000000,59.000000,59,0.000000,0.000000,0.000000,0.000000,0.000000,0.000000,0.000000,0.000000,0,1.000000
82,62.000000,62.000000,62,0.000000,0.000000,0.000000,0.000000,0.000000,0.000000,0.000000,0.000000,0,1.000000
83,61.000000,61.000000,61,0.000000,0.000000,0.000000,0.000000,0.000000,0.000000,0.000000,0.000000,0,1.000000
84,60.000000,60.000000,60,0.000000,0.000000,0.000000,0.000000,0.000000,0.000000,0.000000,0.000000,0,1.000000
85,60.000000,60.000000,60,0.000000,0.000000,0.000000,0.000000,0.000000,0.000000,0.000000,0.000000,0,1.000000
86,61.000000,61.000000,61,0.000000,0.000000,0.000000,0.000000,0.000000,0.000000,0.000000,0.000000,0,1.000000
87,60.000000,60.000000,60,0.000000,0.000000,0.000000,0.000000,0.000000,0.000000,0.000000,0.000000,0,1.000000
88,59.000000,59.000000,59,0.000000,0.000000,0.000000,0.000000,0.000000,0.000000,0.000000,0.000000,0,1.000000
89,61.000000,61.000000,61,0.000000,0.000000,0.000000,0.000000,0.000000,0.000000,0.000000,0.000000,0,1.000000
90,60.000000,60.000000,60,0.000000,0.000000,0.000000,0.000000,0.000000,0.000000,0.000000,0.000000,0,1.000000
91,60.000000,60.000000,60,0.000000,0.000000,0.000000,0.000000,0.000000,0.000000,0.000000,0.000000,0,1.000000
92,60.000000,60.000000,60,0.000000,0.000000,0.000000,0.000000,0.000000,0.000000,0.000000,0.000000,0,1.000000
93,61.000000,61.000000,61,0.000000,0.000000,0.000000,0.000000,0.000000,0.000000,0.000000,0.000000,0,1.000000
94,62.000000,62.000000,62,0.000000,0.000000,0.000000,0.000000,0.000000,0.000000,0.000000,0.000000,0,1.000000
95,61.000000,61.000000,61,0.000000,0.000000,0.000000,0.000000,0.000000,0.000000,0.000000,0.000000,0,1.000000
96,61.000000,61.000000,61,0.000000,0.000000,0.000000,0.000000,0.000000,0.000000,0.000000,0.000000,0,1.000000
97,59.000000,59.000000,59,0.000000,0.000000,0.000000,0.000000,0.000000,0.000000,0.000000,0.000000,0,1.000000
98,59.000000,59.000000,59,0.000000,0.000000,0.000000,0.000000,0.000000,0.000000,0.000000,0.000000,0,1.000000
99,63.000000,63.000000,63,0.000000,0.000000,0.000000,0.000000,0.000000,0.000000,0.000000,0.000000,0,1.000000
100,60.000000,60.000000,60,0.000000,0.000000,0.000000,0.000000,0.000000,0.000000,0.000000,0.000000,0,1.000000
